[info]

unlockedLevels=9

[level]

Level1_Score=2.1499
Level2_Score=2.14926
Level3_Score=3.21336
Level4_Score=2.87388
Level5_Score=2.76943
Level6_Score=3.21355
Level7_Score=3.98476
Level8_Score=3.53302
Level9_Score=10.4866
