[info]

unlockedLevels=9

[level]

Level1_Score=2.14886
Level2_Score=2.15089
Level3_Score=3.82495
Level4_Score=3.235
Level5_Score=3.89803
Level6_Score=3.86915
Level7_Score=5.58439
Level8_Score=5.7597
Level9_Score=0
