[info]

unlockedLevels=8

[level]

Level1_Score=2.14857
Level2_Score=2.16275
Level3_Score=4.40559
Level4_Score=2.97343
Level5_Score=3.96205
Level6_Score=4.74534
Level7_Score=5.61448
Level8_Score=0
Level9_Score=0
