[info]

unlockedLevels=8

[level]

Level1_Score=2.19497
Level2_Score=2.19199
Level3_Score=3.1846
Level4_Score=2.92685
Level5_Score=2.22895
Level6_Score=3.16308
Level7_Score=3.87648
Level8_Score=0
Level9_Score=0
