[info]

unlockedLevels=9

[level]

Level1_Score=2.15852
Level2_Score=2.16051
Level3_Score=5.16751
Level4_Score=3.235
Level5_Score=3.89803
Level6_Score=4.04704
Level7_Score=5.58439
Level8_Score=6.13369
Level9_Score=0
