[info]

unlockedLevels=9

[level]

Level1_Score=2.15821
Level2_Score=2.14985
Level3_Score=3.88243
Level4_Score=3.49109
Level5_Score=2.14883
Level6_Score=5.22023
Level7_Score=5.1125
Level8_Score=3.55503
Level9_Score=0
