[info]

unlockedLevels=9

[level]

Level1_Score=2.14857
Level2_Score=2.15414
Level3_Score=3.69024
Level4_Score=2.72045
Level5_Score=2.80004
Level6_Score=3.56637
Level7_Score=4.26978
Level8_Score=3.83329
Level9_Score=4.67479
