[info]

theme=false
unlockedLevels=8

[level]

Level1_Score=2.14848
Level2_Score=2.15774
Level3_Score=4.04719
Level4_Score=2.95821
Level5_Score=3.09139
Level6_Score=3.58459
Level7_Score=9.25228
Level8_Score=0
Level9_Score=0
